100061;11;40;右AS**Z2;;陕西 ; 26 ; ; ; ;
100384;70;35;右AS**89;13;西藏 ; 1 ; ; ; ;
100482;70;33;农R3**25;13;新疆 ; 3 ; ; ; ;
100736;40;20;右AR**85;10;陕西 ; 1 ; ; ; ;
100756;33;33;右C6**23;13;甘肃 ; 2 ; ; ; ;
100782;80;30;右D8**20;10;陕西 ; 1 ; ; ; ;
100800;30;40;右AP**21;5;陕西 ; 2 ; ; ; ;
100865;50;32;中E5**62;13;甘肃 ; 1 ; ; ; ;
101203;70;40;右C6**49;13;甘肃 ; 6 ; ; ; ;
101420;60;40;右AG**06;10;重庆 ; 3 ; ; ; ;
101513;70;32;右KC**95;13;重庆 ; 2 ; ; ; ;
101514;60;32;右K8**13;13;重庆 ; 2 ; ; ; ;
101538;70;32;右KB**21;13;陕西 ; 1 ; ; ; ;
101540;70;33;工Q4**8J;13;重庆 ; 1 ; ; ; ;
101543;70;32;工Q7**AF;13;重庆 ; 1 ; ; ; ;
101544;70;32;工Q3**AA;13;重庆 ; 1 ; ; ; ;
101566;20;40;右AX**N0;4;陕西 ; 2 ; ; ; ;
101570;70;32;右C6**31;13;陕西 ; 1 ; ; ; ;
101586;70;40;右KC**90;13;陕西 ; 1 ; ; ; ;
101610;70;40;时A2**8M;13;青海 ; 3 ; ; ; ;
101631;70;40;右KC**07;13;重庆 ; 1 ; ; ; ;
101723;30;40;右AX**G1;4;陕西 ; 1 ; ; ; ;
101725;70;40;右C6**83;13;陕西 ; 2 ; ; ; ;
102087;85;40;年BB**08;13;重庆 ; 1 ; ; ; ;
102527;70;40;右E8**41;13;陕西 ; 3 ; ; ; ;
102552;70;40;右EC**16;13;陕西 ; 1 ; ; ; ;
102579;50;33;中AB**52;13;西藏 ; 1 ; ; ; ;
102782;80;30;时NY**55;13;河南 ; 1 ; ; ; ;
102800;15;40;华A6**1M;4;陕西 ; 1 ; ; ; ;
103096;20;40;右AG**9R;4;陕西 ; 24 ; ; ; ;
103124;20;10;右A5**C2;4;陕西 ; 1 ; ; ; ;
103166;50;22;右DA**50;10;陕西 ; 2 ; ; ; ;
103225;8;10;右A1**DJ;;陕西 ; 1 ; ; ; ;
103429;70;32;下FL**60;13;陕西 ; 1 ; ; ; ;
103524;16;12;右A7**N0;4;陕西 ; 1 ; ; ; ;
103589;100;34;右D7**20;13;陕西 ; 2 ; ; ; ;
103651;70;32;右AS**32;13;陕西 ; 1 ; ; ; ;
103773;60;30;右F5**65;10;陕西 ; 1 ; ; ; ;
103865;26;10;中E5**88;;青海 ; 1 ; ; ; ;
103888;50;32;右DA**13;10;陕西 ; 15 ; ; ; ;
103903;25;32;右AX**X3;4;青海 ; 1 ;陕西 ; 1 ;甘肃 ; 1 
103907;32;33;右EC**49;13;青海 ; 1 ; ; ; ;
103989;17;30;右A3**F0;4;陕西 ; 7 ; ; ; ;
104030;50;33;右EC**19;13;陕西 ; 1 ;新疆 ; 1 ; ; 
104072;20;10;西AC**13;4;甘肃 ; 1 ; ; ; ;
104185;50;30;右DA**98;10;陕西 ; 3 ; ; ; ;
104199;70;33;右KC**13;13;陕西 ; 1 ; ; ; ;
104210;70;32;右H1**73;13;陕西 ; 1 ; ; ; ;
104217;70;40;右AS**63;13;甘肃 ; 24 ;陕西 ; 11 ;青海 ; 5 
104219;70;33;右H0**02;13;陕西 ; 1 ; ; ; ;
104225;70;33;右KC**48;13;陕西 ; 1 ; ; ; ;
104243;50;30;右DA**16;10;陕西 ; 2 ; ; ; ;
104326;50;22;时P9**14;10;甘肃 ; 1 ; ; ; ;
104354;70;32;右DA**39;13;甘肃 ; 2 ;陕西 ; 1 ; ; 
104359;70;32;右AS**06;13;甘肃 ; 1 ; ; ; ;
104416;15;10;右AX**P2;4;甘肃 ; 1 ; ; ; ;
104776;15;10;中CC**58;4;甘肃 ; 1 ; ; ; ;
104787;15;35;右A6**A0;4;甘肃 ; 5 ;青海 ; 2 ; ; 
104793;50;22;右F5**00;10;陕西 ; 1 ; ; ; ;
104831;60;32;中E6**68;13;甘肃 ; 2 ; ; ; ;
104864;20;10;右AM**22;7;甘肃 ; 1 ; ; ; ;
104867;20;10;右AE**23;7;陕西 ; 1 ; ; ; ;
104882;60;32;右KC**48;13;陕西 ; 3 ; ; ; ;
104885;60;32;右KB**37;13;陕西 ; 1 ; ; ; ;
104901;30;28;右D7**36;7;陕西 ; 1 ; ; ; ;
104922;20;28;右D9**02;7;陕西 ; 2 ; ; ; ;
104934;32;35;右A3**L0;4;甘肃 ; 9 ;青海 ; 2 ; ; 
104951;70;33;右AE**91;13;陕西 ; 1 ; ; ; ;
104953;70;33;右EC**58;13;青海 ; 1 ; ; ; ;
104982;70;32;民M8**12;13;陕西 ; 3 ; ; ; ;
104992;15;28;右A9**M1;4;陕西 ; 1 ; ; ; ;
105052;70;32;右G2**53;13;陕西 ; 1 ; ; ; ;
105061;70;33;中D2**08;13;宁夏 ; 1 ; ; ; ;
105067;68;32;时PE**08;13;河南 ; 8 ; ; ; ;
105123;15;30;右A5**J0;4;陕西 ; 1 ; ; ; ;
105146;70;33;右EC**28;13;青海 ; 5 ; ; ; ;
105181;70;33;中CA**35;13;宁夏 ; 1 ; ; ; ;
105191;70;33;右EC**81;13;甘肃 ; 2 ;青海 ; 2 ; ; 
105197;50;30;十C0**39;7;甘肃 ; 1 ; ; ; ;
105200;70;32;中D3**96;13;甘肃 ; 16 ;青海 ; 1 ; ; 
105207;15;30;右A8**A2;3;陕西 ; 1 ; ; ; ;
105220;50;22;中D3**61;10;甘肃 ; 1 ; ; ; ;
105241;30;22;十E1**45;7;甘肃 ; 1 ; ; ; ;
105251;20;40;右AX**N5;4;陕西 ; 47 ; ; ; ;
105269;70;32;右EA**83;13;宁夏 ; 1 ; ; ; ;
105312;40;11;右D6**85;7;陕西 ; 1 ; ; ; ;
105315;15;11;右A7**H9;4;陕西 ; 1 ; ; ; ;
105344;20;15;右F5**96;10;陕西 ; 1 ; ; ; ;
105352;70;32;右AD**78;13;陕西 ; 1 ; ; ; ;
105369;70;32;中E6**86;13;甘肃 ; 1 ; ; ; ;
105391;70;32;西FG**55;13;宁夏 ; 1 ; ; ; ;
105409;30;15;右D9**59;7;陕西 ; 1 ; ; ; ;
105420;40;22;右DA**57;10;陕西 ; 1 ; ; ; ;
105434;40;22;中D1**62;10;宁夏 ; 1 ; ; ; ;
105439;70;35;右F6**96;13;陕西 ; 10 ; ; ; ;
105448;70;32;右EA**59;13;青海 ; 6 ;甘肃 ; 1 ; ; 
105482;70;32;右F3**22;13;陕西 ; 2 ; ; ; ;
105489;70;32;右DB**95;13;甘肃 ; 1 ; ; ; ;
105490;70;33;右KB**23;13;陕西 ; 1 ; ; ; ;
105491;70;32;右KB**22;13;陕西 ; 1 ; ; ; ;
105492;70;32;北CB**99;13;陕西 ; 2 ; ; ; ;
105519;20;25;右A2**G6;4;陕西 ; 1 ; ; ; ;
105525;13;25;右D7**96;6;陕西 ; 4 ; ; ; ;
105539;70;35;中E6**11;13;宁夏 ; 2 ; ; ; ;
105540;30;25;右E7**8N;4;陕西 ; 1 ; ; ; ;
105553;50;25;秒C5**52;10;甘肃 ; 2 ; ; ; ;
105570;130;30;周C9**72;17;浙江 ; 1 ; ; ; ;
105587;70;33;右D9**18;13;甘肃 ; 3 ; ; ; ;
105591;70;32;右F2**39;13;陕西 ; 1 ; ; ; ;
105641;90;33;右C3**63;13;四川 ; 1 ; ; ; ;
105657;70;32;右D9**90;13;新疆 ; 2 ; ; ; ;
105659;70;33;时Q2**63;13;宁夏 ; 3 ; ; ; ;
105666;23;12;时H8**21;4;青海 ; 2 ;甘肃 ; 1 ; ; 
105669;20;12;时J3**01;4;甘肃 ; 1 ; ; ; ;
105674;70;32;右DA**77;13;新疆 ; 2 ; ; ; ;
105739;70;32;时CD**91;13;河南 ; 3 ; ; ; ;
105751;70;32;时CF**10;13;河南 ; 1 ; ; ; ;
105761;70;32;右KC**30;13;陕西 ; 1 ; ; ; ;
105762;32;33;时BB**15;13;河南 ; 1 ; ; ; ;
105763;80;32;时EX**08;13;河南 ; 6 ; ; ; ;
105770;70;32;右EC**82;13;新疆 ; 1 ; ; ; ;
105784;20;32;中A3**V3;4;甘肃 ; 7 ; ; ; ;
105786;24;11;十LW**09;4;甘肃 ; 1 ; ; ; ;
105788;70;33;西B6**7F;13;河南 ; 3 ; ; ; ;
105819;100;33;右DA**53;13;新疆 ; 2 ; ; ; ;
105820;100;33;右DA**51;13;新疆 ; 2 ;陕西 ; 1 ; ; 
105893;100;33;国C1**51;13;陕西 ; 1 ; ; ; ;
105908;100;33;右C6**22;13;新疆 ; 1 ; ; ; ;
105917;100;33;右EC**85;13;青海 ; 3 ;新疆 ; 1 ; ; 
105921;100;33;右D9**37;13;新疆 ; 1 ; ; ; ;
106002;30;15;民M7**08;4;甘肃 ; 1 ;陕西 ; 1 ; ; 
106005;100;32;右EB**79;13;新疆 ; 5 ; ; ; ;
106017;100;32;日L5**00;13;宁夏 ; 1 ; ; ; ;
106065;20;11;右E6**82;4;陕西 ; 1 ; ; ; ;
106067;70;35;中D7**33;13;甘肃 ; 2 ; ; ; ;
106076;20;35;右AT**K0;4;甘肃 ; 1 ; ; ; ;
106087;30;35;右A3**D0;4;宁夏 ; 5 ; ; ; ;
106088;40;35;中D2**38;10;甘肃 ; 1 ; ; ; ;
106099;70;32;中D5**03;13;甘肃 ; 1 ; ; ; ;
106106;20;10;右D7**91;7;陕西 ; 1 ; ; ; ;
106158;20;32;右A9**B6;4;陕西 ; 3 ;甘肃 ; 1 ; ; 
106159;20;32;右A8**H8;4;陕西 ; 1 ; ; ; ;
106169;100;32;工Q4**9J;13;陕西 ; 2 ; ; ; ;
106176;70;32;右D9**02;13;陕西 ; 2 ; ; ; ;
106235;413;13;右A0**P9;4;陕西 ; 1 ; ; ; ;
106262;100;33;中AC**77;13;新疆 ; 1 ; ; ; ;
106263;100;32;中C5**10;13;新疆 ; 1 ; ; ; ;
106264;100;40;右EC**80;13;新疆 ; 13 ; ; ; ;
106265;70;40;右EC**76;13;新疆 ; 9 ;陕西 ; 1 ; ; 
106274;100;32;中AA**59;13;宁夏 ; 1 ; ; ; ;
106275;70;35;右B3**32;10;甘肃 ; 4 ;青海 ; 3 ; ; 
106286;70;32;月AB**75;13;河南 ; 1 ; ; ; ;
106287;100;32;时HJ**19;13;河南 ; 1 ; ; ; ;
106303;100;33;时B6**81;13;河南 ; 1 ; ; ; ;
106324;33;32;右D9**81;4;陕西 ; 5 ;甘肃 ; 1 ; ; 
106333;100;33;右KD**06;13;陕西 ; 3 ; ; ; ;
106335;20;32;时K7**89;4;甘肃 ; 3 ; ; ; ;
106338;20;32;秒A3**17;4;甘肃 ; 1 ; ; ; ;
106341;20;32;秒A8**36;4;甘肃 ; 1 ; ; ; ;
106347;100;33;时MB**27;13;河南 ; 20 ; ; ; ;
106349;70;32;右D9**81;13;甘肃 ; 4 ;陕西 ; 2 ;青海 ; 2 
106351;100;33;时AD**69;13;河南 ; 1 ; ; ; ;
106364;100;35;时AC**99;13;河南 ; 18 ;陕西 ; 1 ; ; 
106368;100;60;时AR**81;13;河南 ; 66 ;陕西 ; 1 ; ; 
106371;100;33;右EB**85;13;新疆 ; 5 ; ; ; ;
106382;100;33;时GB**76;13;河南 ; 2 ; ; ; ;
106384;100;33;西DP**33;13;河南 ; 1 ; ; ; ;
106391;100;40;时AM**39;13;河南 ; 62 ;陕西 ; 3 ;山西 ; 1 
106396;100;35;西DZ**17;13;河南 ; 8 ; ; ; ;
106401;60;32;十M3**82;10;甘肃 ; 1 ; ; ; ;
106403;60;32;时B8**66;10;河南 ; 1 ; ; ; ;
106404;60;32;时BW**98;10;河南 ; 1 ; ; ; ;
106405;100;32;时AW**12;13;河南 ; 2 ; ; ; ;
106415;70;32;时RD**96;13;宁夏 ; 1 ; ; ; ;
106424;100;32;时A9**7B;13;河南 ; 1 ; ; ; ;
106425;100;32;时K6**44;13;河南 ; 2 ;甘肃 ; 1 ;宁夏 ; 1 
106432;100;33;右EA**91;13;新疆 ; 2 ; ; ; ;
106451;70;32;时HG**91;13;河南 ; 1 ; ; ; ;
106452;100;32;右EC**51;13;新疆 ; 1 ; ; ; ;
106457;100;33;右KD**02;13;陕西 ; 4 ; ; ; ;
106459;100;33;时M2**72;13;河南 ; 1 ; ; ; ;
106462;100;33;右EA**93;13;新疆 ; 1 ; ; ; ;
106465;100;33;时HH**00;13;河南 ; 3 ; ; ; ;
106466;100;32;时K9**61;13;河南 ; 2 ; ; ; ;
106468;70;32;西DR**23;13;河南 ; 1 ; ; ; ;
106470;100;33;西DS**15;13;河南 ; 2 ; ; ; ;
106474;70;40;时GA**73;13;河南 ; 4 ; ; ; ;
106506;20;10;右AX**F8;4;陕西 ; 1 ; ; ; ;
106536;100;33;时HJ**02;13;河南 ; 1 ; ; ; ;
106549;70;32;时HJ**68;13;河南 ; 2 ; ; ; ;
106551;100;33;时AR**53;13;河南 ; 2 ;陕西 ; 1 ; ; 
106562;100;33;中B2**26;13;宁夏 ; 3 ;甘肃 ; 2 ; ; 
106563;100;40;中B9**36;13;宁夏 ; 15 ;甘肃 ; 2 ; ; 
106639;20;30;右A7**G1;4;甘肃 ; 1 ; ; ; ;
106644;20;30;右J5**97;4;甘肃 ; 1 ; ; ; ;
106646;100;35;时AG**31;13;河南 ; 4 ; ; ; ;
106654;20;30;右A0**B8;4;甘肃 ; 1 ; ; ; ;
106670;100;60;时HB**96;13;河南 ; 4 ; ; ; ;
106676;100;33;民A8**95;13;山西 ; 1 ; ; ; ;
106679;100;32;民A2**4X;13;山西 ; 1 ; ; ; ;
106680;100;33;时HK**10;13;河南 ; 2 ; ; ; ;
106687;40;40;时G2**89;10;河南 ; 6 ; ; ; ;
106688;70;40;民J5**87;13;山西 ; 5 ; ; ; ;
106713;100;33;时AM**90;13;河南 ; 1 ; ; ; ;
106717;100;33;民KD**89;13;山西 ; 1 ; ; ; ;
106737;70;32;工K9**69;13;河南 ; 8 ; ; ; ;
106741;100;33;时CA**75;13;河南 ; 1 ; ; ; ;
106748;100;33;时HJ**68;13;河南 ; 1 ; ; ; ;
106759;100;33;右DB**53;13;陕西 ; 1 ;宁夏 ; 1 ; ; 
106770;100;33;时N8**22;13;河南 ; 2 ; ; ; ;
106772;22;32;民DP**89;4;山西 ; 1 ; ; ; ;
106774;70;32;右DA**12;13;甘肃 ; 6 ; ; ; ;
106777;70;32;时DY**61;10;河南 ; 1 ; ; ; ;
106778;70;33;时AW**57;13;河南 ; 1 ; ; ; ;
106779;100;33;民LB**90;13;山西 ; 1 ; ; ; ;
106780;100;33;民LD**27;13;山西 ; 1 ; ; ; ;
106797;100;33;右D9**21;13;甘肃 ; 6 ; ; ; ;
106807;70;35;时AN**12;13;河南 ; 1 ; ; ; ;
106829;100;35;时HL**70;13;河南 ; 2 ; ; ; ;
106831;20;35;右AX**W6;4;甘肃 ; 2 ; ; ; ;
106833;100;35;右EA**06;13;甘肃 ; 6 ;青海 ; 2 ; ; 
106842;70;32;右D5**81;13;甘肃 ; 1 ; ; ; ;
106849;70;33;时MH**82;13;新疆 ; 1 ; ; ; ;
106859;70;32;右EC**87;13;新疆 ; 2 ; ; ; ;
106871;70;33;时MB**57;13;新疆 ; 1 ; ; ; ;
106874;70;32;时MB**63;13;新疆 ; 3 ; ; ; ;
106875;70;32;时MB**79;13;新疆 ; 1 ; ; ; ;
106876;100;32;时GE**92;13;新疆 ; 1 ; ; ; ;
106877;100;33;时MB**93;13;新疆 ; 2 ; ; ; ;
106927;70;32;右A7**99;10;陕西 ; 1 ; ; ; ;
106937;100;33;时K8**96;13;河南 ; 2 ; ; ; ;
106944;100;33;时GC**18;13;新疆 ; 1 ; ; ; ;
106947;100;32;右V4**56;13;新疆 ; 1 ; ; ; ;
106950;50;32;时R6**GP;4;青海 ; 1 ; ; ; ;
106951;60;32;右C4**46;10;陕西 ; 2 ; ; ; ;
106955;100;32;工GT**05;13;陕西 ; 1 ; ; ; ;
106956;100;33;时CN**67;13;新疆 ; 1 ; ; ; ;
106957;100;32;时M1**39;13;西藏 ; 1 ; ; ; ;
106977;100;32;工PM**65;13;宁夏 ; 2 ; ; ; ;
107003;50;35;右A6**G3;4;甘肃 ; 1 ; ; ; ;
107009;70;35;右E9**66;10;陕西 ; 1 ; ; ; ;
107024;70;32;右EA**96;13;陕西 ; 1 ; ; ; ;
107052;30;32;右A3**Z6;4;甘肃 ; 1 ; ; ; ;
107057;100;33;西BK**97;13;河南 ; 1 ; ; ; ;
107070;100;33;右DA**53;13;甘肃 ; 2 ; ; ; ;
107074;70;32;时A8**3M;10;河南 ; 3 ; ; ; ;
107082;60;35;右AS**88;10;陕西 ; 2 ; ; ; ;
107120;100;32;中CD**83;13;甘肃 ; 7 ;宁夏 ; 4 ; ; 
107153;100;35;时AM**75;13;河南 ; 10 ; ; ; ;
107156;70;35;农MB**87;13;陕西 ; 1 ; ; ; ;
107159;60;35;时EY**58;13;河南 ; 1 ; ; ; ;
107167;100;35;时NJ**05;13;宁夏 ; 1 ; ; ; ;
107168;100;35;右KD**33;13;陕西 ; 1 ; ; ; ;
107196;30;35;右A9**K9;4;甘肃 ; 1 ; ; ; ;
107207;100;35;工H9**10;13;河南 ; 6 ;陕西 ; 1 ; ; 
107218;100;35;右EC**49;13;新疆 ; 1 ; ; ; ;
107226;100;35;时MG**53;13;河南 ; 2 ; ; ; ;
107238;100;33;时K7**66;13;河南 ; 36 ;陕西 ; 2 ; ; 
107239;70;32;周KK**21;10;河南 ; 1 ; ; ; ;
107336;20;11;十LF**71;4;甘肃 ; 4 ; ; ; ;
107337;7;11;南Q1**W3;;甘肃 ; 1 ; ; ; ;
107346;100;31;中C5**91;13;甘肃 ; 1 ; ; ; ;
107347;100;33;右D8**96;13;陕西 ; 1 ; ; ; ;
107349;100;34;中A8**39;13;甘肃 ; 2 ; ; ; ;
107372;100;32;右KB**87;13;陕西 ; 1 ; ; ; ;
107379;310000;490000;右K9**61;13;陕西 ; 1 ; ; ; ;
107380;100;32;上NC**08;13;陕西 ; 2 ; ; ; ;
107386;30;11;右A2**C1;4;青海 ; 2 ; ; ; ;
107390;26;12;中DR**65;4;青海 ; 1 ; ; ; ;
107391;100;40;周SA**50;13;河南 ; 5 ; ; ; ;
107425;70;22;西T6**72;10;甘肃 ; 1 ; ; ; ;
107447;70;33;时MB**99;13;新疆 ; 4 ; ; ; ;
107459;100;33;右KC**11;13;新疆 ; 2 ; ; ; ;
107463;90;32;中E2**50;13;甘肃 ; 3 ; ; ; ;
107553;70;22;十K1**90;10;甘肃 ; 1 ; ; ; ;
107571;70;33;西DW**25;13;河南 ; 2 ; ; ; ;
107573;50;33;时HJ**76;13;河南 ; 4 ; ; ; ;
107574;50;33;时K5**08;13;河南 ; 3 ; ; ; ;
107611;100;32;右DA**65;13;甘肃 ; 2 ; ; ; ;
107629;20;30;右AQ**31;5;陕西 ; 1 ; ; ; ;
107637;100;30;时BD**39;13;河南 ; 9 ; ; ; ;
107640;12;30;右E8**20;4;陕西 ; 1 ; ; ; ;
107654;50;30;右AN**37;6;甘肃 ; 1 ; ; ; ;
107664;100;40;周KL**16;13;河南 ; 52 ;甘肃 ; 1 ; ; 
107666;100;32;工PM**79;13;宁夏 ; 1 ; ; ; ;
107667;100;32;右EA**98;13;陕西 ; 3 ; ; ; ;
107717;70;30;时CA**38;10;河南 ; 1 ; ; ; ;
107727;70;33;中E6**05;13;宁夏 ; 4 ;甘肃 ; 3 ; ; 
107728;70;33;中E6**01;13;宁夏 ; 4 ;甘肃 ; 3 ;青海 ; 1 
107733;70;32;时PJ**80;13;河南 ; 1 ; ; ; ;
107754;20;12;右A9**A5;4;甘肃 ; 1 ; ; ; ;
107759;20;12;右A5**F1;4;甘肃 ; 1 ;陕西 ; 1 ; ; 
107760;20;12;右A2**F2;4;甘肃 ; 1 ; ; ; ;
107764;60;22;时CA**35;10;河南 ; 1 ; ; ; ;
107766;100;40;时M6**12;13;河南 ; 10 ; ; ; ;
107775;56;33;时K8**52;13;河南 ; 3 ; ; ; ;
107801;70;34;右E9**78;13;陕西 ; 1 ; ; ; ;
107836;100;32;时AU**82;13;河南 ; 1 ; ; ; ;
107843;20;12;右A5**K0;4;陕西 ; 3 ; ; ; ;
107857;17;12;右A1**G3;4;陕西 ; 1 ; ; ; ;
107858;20;25;右DY**81;4;陕西 ; 4 ; ; ; ;
107861;21;10;时AU**51;4;河南 ; 1 ; ; ; ;
107862;20;10;右E2**81;4;陕西 ; 1 ; ; ; ;
107863;21;10;右A3**U7;4;陕西 ; 1 ; ; ; ;
107874;70;32;时CB**89;13;河南 ; 1 ; ; ; ;
107875;100;32;时CN**33;13;河南 ; 1 ; ; ; ;
107876;100;33;时MH**57;13;河南 ; 1 ; ; ; ;
107877;100;33;中E6**20;13;甘肃 ; 7 ;宁夏 ; 4 ; ; 
107879;60;22;右C6**35;10;陕西 ; 1 ; ; ; ;
107880;100;33;右DB**03;13;新疆 ; 2 ; ; ; ;
107900;100;33;右KC**46;13;陕西 ; 1 ; ; ; ;
107933;100;33;时GD**22;13;河南 ; 1 ; ; ; ;
107935;100;33;右EC**26;13;新疆 ; 1 ; ; ; ;
107960;100;33;时AR**61;13;河南 ; 17 ; ; ; ;
107961;100;33;时HB**13;13;河南 ; 2 ; ; ; ;
107965;100;33;时A5**6J;13;河南 ; 1 ; ; ; ;
107967;100;33;右EC**56;13;青海 ; 2 ; ; ; ;
107968;100;32;时GE**05;13;河南 ; 1 ; ; ; ;
107969;100;33;右EC**68;13;青海 ; 3 ; ; ; ;
107971;70;22;十D2**78;10;甘肃 ; 1 ; ; ; ;
107972;70;32;右EC**25;13;新疆 ; 3 ; ; ; ;
108011;70;32;右A7**71;13;甘肃 ; 3 ; ; ; ;
108015;100;32;西JU**61;13;河南 ; 1 ;山西 ; 1 ; ; 
108026;45;10;右AT**39;7;陕西 ; 2 ; ; ; ;
108033;70;32;右V4**02;13;新疆 ; 1 ; ; ; ;
108035;70;32;右V4**00;13;新疆 ; 2 ; ; ; ;
108040;100;40;右DB**97;13;新疆 ; 2 ; ; ; ;
108041;70;32;右EC**31;13;青海 ; 3 ; ; ; ;
108042;70;40;时AR**60;13;河南 ; 9 ;陕西 ; 1 ; ; 
108070;20;32;右A6**V6;4;青海 ; 1 ; ; ; ;
108095;33;32;右EC**90;10;陕西 ; 8 ; ; ; ;
108126;25;10;右A1**F9;4;陕西 ; 1 ; ; ; ;
108135;100;32;工H1**93;13;甘肃 ; 2 ; ; ; ;
108138;70;40;右D9**72;13;青海 ; 4 ;陕西 ; 1 ; ; 
108140;20;10;右A6**D3;4;陕西 ; 1 ; ; ; ;
108141;70;32;工GC**85;13;陕西 ; 1 ; ; ; ;
108148;100;33;时AW**93;13;河南 ; 17 ;陕西 ; 1 ; ; 
108149;22;40;时HA**28;;河南 ; 18 ;陕西 ; 1 ; ; 
108150;70;32;右F3**82;13;陕西 ; 1 ; ; ; ;
108166;60;30;右EB**39;10;新疆 ; 1 ; ; ; ;
108209;20;12;右A6**P0;4;陕西 ; 1 ; ; ; ;
108235;20;15;右D8**6G;4;陕西 ; 2 ; ; ; ;
108241;100;32;中E6**21;13;青海 ; 1 ; ; ; ;
108264;28;10;右KC**16;;陕西 ; 1 ; ; ; ;
108309;15;25;右A9**R6;4;甘肃 ; 1 ; ; ; ;
108328;100;32;民M4**18;13;甘肃 ; 1 ; ; ; ;
108342;32;49;时HK**86;13;河南 ; 3 ; ; ; ;
108349;100;40;时AN**62;13;河南 ; 7 ; ; ; ;
108354;100;40;时AG**36;13;河南 ; 28 ; ; ; ;
108365;100;32;时AG**17;13;甘肃 ; 2 ; ; ; ;
108468;100;40;时AR**81;13;河南 ; 23 ; ; ; ;
108472;105;30;时BL**66;13;河南 ; 3 ; ; ; ;
108479;60;15;时A2**1G;4;河南 ; 1 ; ; ; ;
108486;65;32;中CC**18;13;宁夏 ; 1 ; ; ; ;
108488;14;30;时A7**1H;;河南 ; 4 ; ; ; ;
108490;70;32;中B9**90;13;宁夏 ; 3 ; ; ; ;
108504;60;15;右D8**90;10;陕西 ; 2 ; ; ; ;
108505;19;10;民MV**83;4;陕西 ; 1 ; ; ; ;
108518;75;32;时ND**76;13;河南 ; 1 ; ; ; ;
108519;60;30;右B3**67;10;陕西 ; 1 ; ; ; ;
108547;100;32;右DA**77;13;西藏 ; 1 ; ; ; ;
108549;70;33;右KB**40;13;陕西 ; 1 ; ; ; ;
108554;32;30;时ND**68;;河南 ; 1 ; ; ; ;
108558;65;32;右KA**64;13;陕西 ; 1 ; ; ; ;
108561;70;30;时RC**18;10;河南 ; 1 ; ; ; ;
108562;100;33;时AM**25;13;河南 ; 1 ; ; ; ;
108564;40;32;右B3**80;13;青海 ; 2 ; ; ; ;
108591;70;32;右EC**65;13;青海 ; 3 ; ; ; ;
108599;100;32;右AD**49;13;甘肃 ; 1 ; ; ; ;
108609;70;40;时A9**6X;10;河南 ; 10 ; ; ; ;
108620;100;33;右EA**42;13;青海 ; 2 ; ; ; ;
108627;140;30;北AK**59;17;河南 ; 1 ; ; ; ;
108630;100;33;时AB**83;13;河南 ; 1 ; ; ; ;
108634;100;33;中E6**39;13;甘肃 ; 1 ; ; ; ;
108658;40;30;中E5**61;10;宁夏 ; 2 ; ; ; ;
108675;120;33;右DB**07;13;陕西 ; 34 ;青海 ; 3 ;甘肃 ; 1 
108693;17;10;右D5**91;;陕西 ; 1 ; ; ; ;
108704;100;33;中A6**88;13;甘肃 ; 1 ; ; ; ;
108707;70;30;秒C2**28;10;甘肃 ; 2 ;陕西 ; 1 ; ; 
108713;70;33;时GB**20;13;河南 ; 1 ; ; ; ;
108715;100;33;时M6**15;13;河南 ; 1 ; ; ; ;
108732;50;33;右C6**38;13;新疆 ; 2 ; ; ; ;
108747;20;35;民D5**3N;4;甘肃 ; 1 ;河南 ; 1 ; ; 
108766;70;32;右KB**39;13;甘肃 ; 1 ; ; ; ;
108774;40;22;时LB**19;10;陕西 ; 1 ; ; ; ;
108775;70;35;时B8**29;13;河南 ; 3 ; ; ; ;
108806;20;12;右A9**C5;4;甘肃 ; 2 ; ; ; ;
108809;70;33;右KC**59;13;陕西 ; 1 ; ; ; ;
108836;80;32;十L3**35;13;甘肃 ; 3 ; ; ; ;
108848;100;33;右KD**60;13;陕西 ; 1 ; ; ; ;
108866;100;33;右E7**18;13;陕西 ; 2 ; ; ; ;
108891;20;30;民A7**GT;4;甘肃 ; 1 ; ; ; ;
108892;60;33;时ML**79;13;新疆 ; 1 ; ; ; ;
108905;100;33;十K2**69;13;陕西 ; 2 ; ; ; ;
108943;20;12;右AX**N2;4;陕西 ; 2 ; ; ; ;
108944;12;12;右AX**V2;4;陕西 ; 3 ; ; ; ;
108960;20;12;右A9**L2;4;甘肃 ; 3 ; ; ; ;
108961;20;32;右A9**R8;4;甘肃 ; 6 ;青海 ; 5 ;陕西 ; 1 
108962;21;33;右A3**D5;4;甘肃 ; 2 ;陕西 ; 1 ; ; 
108983;80;40;时K7**10;13;河南 ; 52 ;青海 ; 6 ;甘肃 ; 2 
108986;32;33;右EC**66;13;新疆 ; 2 ; ; ; ;
109001;100;33;右KB**47;13;陕西 ; 2 ; ; ; ;
109055;70;33;中AB**01;13;宁夏 ; 1 ;甘肃 ; 1 ; ; 
109076;100;32;时MB**13;13;河南 ; 1 ; ; ; ;
109087;100;49;右EC**76;13;新疆 ; 5 ; ; ; ;
109102;55;20;时NC**89;10;河南 ; 1 ; ; ; ;
109119;20;33;右A2**Q6;4;甘肃 ; 6 ; ; ; ;
109136;100;33;右EC**04;13;新疆 ; 1 ; ; ; ;
109151;50;34;右ED**37;13;陕西 ; 1 ; ; ; ;
109159;22;20;右DA**93;10;陕西 ; 1 ; ; ; ;
109163;100;32;中EC**00;13;甘肃 ; 1 ; ; ; ;
109185;100;15;民M1**11;10;陕西 ; 1 ; ; ; ;
109192;30;33;工Q7**6G;13;陕西 ; 1 ; ; ; ;
109206;70;40;西JW**57;13;河南 ; 9 ; ; ; ;
109210;60;30;中D3**06;13;宁夏 ; 6 ; ; ; ;
109211;70;30;时A2**7Z;10;河南 ; 3 ; ; ; ;
109216;100;49;时G9**09;13;河南 ; 18 ; ; ; ;
109218;100;32;工Q5**2R;13;陕西 ; 2 ; ; ; ;
109220;70;32;时PH**58;13;河南 ; 3 ; ; ; ;
109268;75;33;时HD**13;13;河南 ; 7 ; ; ; ;
109269;100;34;右KC**13;13;陕西 ; 1 ; ; ; ;
109278;20;30;右AN**W8;4;陕西 ; 3 ; ; ; ;
109285;60;30;右EB**91;13;新疆 ; 1 ; ; ; ;
109286;12;10;右AX**E9;4;甘肃 ; 3 ; ; ; ;
109294;70;33;右EC**02;13;新疆 ; 3 ; ; ; ;
109295;70;32;右KA**74;13;陕西 ; 1 ; ; ; ;
109296;100;33;右EC**95;13;新疆 ; 2 ; ; ; ;
109335;130;27;西FH**17;17;河南 ; 2 ; ; ; ;
109337;32;32;右EB**15;13;陕西 ; 1 ; ; ; ;
109339;50;32;时RD**51;13;陕西 ; 1 ; ; ; ;
109342;100;31;右EB**28;13;新疆 ; 1 ; ; ; ;
109343;100;31;右EB**19;13;新疆 ; 1 ; ; ; ;
109364;100;32;中E6**80;13;青海 ; 3 ;甘肃 ; 1 ; ; 
109375;11;12;右D6**87;6;陕西 ; 1 ; ; ; ;
109376;55;15;中B9**12;9;宁夏 ; 2 ; ; ; ;
109377;30;40;时AG**52;10;河南 ; 15 ; ; ; ;
109379;23;12;右A8**B9;4;陕西 ; 1 ; ; ; ;
109380;28;18;时P1**65;10;河南 ; 1 ; ; ; ;
109399;100;32;周K9**23;13;宁夏 ; 1 ; ; ; ;
109400;100;32;中E6**32;13;甘肃 ; 2 ; ; ; ;
109402;100;32;中CD**91;13;甘肃 ; 1 ; ; ; ;
109410;50;20;右EC**27;10;陕西 ; 1 ; ; ; ;
109416;100;33;右E9**52;13;陕西 ; 2 ; ; ; ;
109417;100;33;右AS**00;13;陕西 ; 2 ; ; ; ;
109420;40;32;中AC**95;13;甘肃 ; 2 ; ; ; ;
109461;20;15;时GB**Q1;4;陕西 ; 1 ; ; ; ;
109463;40;32;时GA**15;13;河南 ; 15 ; ; ; ;
109470;20;15;右E7**2V;4;甘肃 ; 3 ; ; ; ;
109471;40;35;时HH**61;13;河南 ; 1 ; ; ; ;
109472;40;30;时N8**56;10;河南 ; 2 ; ; ; ;
109473;32;30;工DG**79;;河南 ; 1 ; ; ; ;
109487;20;10;右A6**T0;4;宁夏 ; 2 ;甘肃 ; 1 ; ; 
109488;40;32;中D5**13;13;甘肃 ; 2 ; ; ; ;
109504;55;20;中D3**15;10;甘肃 ; 2 ; ; ; ;
109517;45;33;右EC**03;13;甘肃 ; 2 ; ; ; ;
109520;55;40;时AM**19;13;河南 ; 13 ; ; ; ;
109557;100;33;时HJ**90;13;河南 ; 1 ; ; ; ;
109576;18;32;右AX**W2;4;甘肃 ; 1 ;陕西 ; 1 ; ; 
109577;11;30;右A6**J9;4;甘肃 ; 1 ; ; ; ;
109587;60;31;时HH**61;13;河南 ; 1 ; ; ; ;
109593;113;30;时PA**09;17;河南 ; 2 ; ; ; ;
109599;100;30;时U9**38;13;河南 ; 1 ; ; ; ;
109605;100;40;时MB**33;13;河南 ; 11 ; ; ; ;
109607;100;60;时GA**97;13;河南 ; 20 ;陕西 ; 1 ; ; 
109609;60;30;时B5**18;10;河南 ; 1 ; ; ; ;
109651;50;30;时PJ**31;10;河南 ; 1 ; ; ; ;
109653;40;32;时NE**62;13;河南 ; 1 ; ; ; ;
109658;70;30;西EC**09;10;河南 ; 1 ; ; ; ;
109662;20;12;时J2**82;4;青海 ; 1 ; ; ; ;
109665;60;22;中AB**52;10;甘肃 ; 1 ; ; ; ;
109672;100;32;右EC**86;13;陕西 ; 1 ; ; ; ;
109673;100;33;右EC**71;13;陕西 ; 1 ; ; ; ;
109685;100;22;工PC**72;10;新疆 ; 2 ; ; ; ;
109706;70;32;十K2**06;13;甘肃 ; 1 ; ; ; ;
109711;16;30;右AX**P8;4;甘肃 ; 1 ; ; ; ;
109726;55;32;时GC**90;10;河南 ; 4 ; ; ; ;
109750;100;31;民M8**47;13;河南 ; 1 ; ; ; ;
109761;120;30;时CP**82;17;河南 ; 1 ; ; ; ;
109797;100;32;中A3**23;13;陕西 ; 1 ; ; ; ;
109799;80;40;时G9**81;13;河南 ; 7 ; ; ; ;
109801;20;30;右E0**1G;4;陕西 ; 1 ; ; ; ;
109802;70;32;右EB**55;13;陕西 ; 1 ; ; ; ;
109829;100;49;月HF**01;13;河南 ; 1 ; ; ; ;
109830;100;33;右C6**29;13;新疆 ; 3 ; ; ; ;
109831;100;33;右C6**38;13;新疆 ; 3 ; ; ; ;
109839;20;30;右AX**F6;4;甘肃 ; 1 ; ; ; ;
109840;11;30;右AX**W3;4;甘肃 ; 1 ; ; ; ;
109841;17;49;右KD**52;13;陕西 ; 1 ; ; ; ;
109851;70;33;时J2**11;13;河南 ; 1 ; ; ; ;
109853;24;30;右A2**Q3;4;陕西 ; 1 ; ; ; ;
109855;100;33;时MB**33;13;河南 ; 1 ; ; ; ;
109865;80;32;周KG**26;13;河南 ; 2 ; ; ; ;
109868;100;32;时JA**76;13;河南 ; 1 ; ; ; ;
109871;100;32;西DC**28;13;河南 ; 1 ; ; ; ;
109878;100;30;右EC**83;13;新疆 ; 1 ; ; ; ;
109880;70;33;右EB**72;13;新疆 ; 1 ; ; ; ;
109881;50;30;时K9**02;10;河南 ; 2 ; ; ; ;
109885;100;33;工PD**23;13;河南 ; 1 ; ; ; ;
109888;100;34;右KA**72;13;陕西 ; 2 ; ; ; ;
109899;70;40000;时NW**60;13;河南 ; 1 ; ; ; ;
109909;80;40;时AM**13;13;河南 ; 11 ; ; ; ;
109936;20;30;工HJ**8S;4;河南 ; 1 ; ; ; ;
109948;100;32;时NB**50;13;河南 ; 1 ; ; ; ;
109989;40;32;西DN**78;13;河南 ; 2 ; ; ; ;
109992;100;33;右KC**06;13;陕西 ; 1 ; ; ; ;
110007;60;33;时EY**02;13;河南 ; 1 ; ; ; ;
110013;60;34;西DN**82;13;河南 ; 5 ; ; ; ;
110020;65;30;时G2**61;10;河南 ; 3 ; ; ; ;
110023;70;40;时K1**00;13;河南 ; 10 ; ; ; ;
110026;58;40;时GA**22;10;河南 ; 9 ; ; ; ;
110027;70;32;时G5**75;13;河南 ; 1 ; ; ; ;
110036;50;33;右EC**62;13;青海 ; 2 ; ; ; ;
110038;12;12;右A5**C7;4;甘肃 ; 2 ; ; ; ;
110041;50;33;时EQ**86;10;河南 ; 2 ; ; ; ;
110061;70;22;西B7**5B;10;河南 ; 1 ; ; ; ;
110066;56;30;时K8**17;10;河南 ; 4 ; ; ; ;
110070;60;22;民M5**81;10;陕西 ; 1 ; ; ; ;
110076;50;22;右C2**12;10;陕西 ; 1 ; ; ; ;
110081;45;30;时A3**2M;10;河南 ; 3 ; ; ; ;
110084;100;49;时K3**44;13;河南 ; 1 ; ; ; ;
110094;55;32;时AX**86;10;河南 ; 4 ; ; ; ;
110098;70;32;右KD**16;13;陕西 ; 3 ; ; ; ;
110104;60;20;右AQ**53;10;陕西 ; 2 ; ; ; ;
110105;40;22;时CC**88;10;河南 ; 1 ; ; ; ;
110113;90;40;时GC**89;13;河南 ; 15 ; ; ; ;
110115;70;27;时A8**6R;17;河南 ; 1 ; ; ; ;
110116;55;30;时K3**55;10;河南 ; 3 ; ; ; ;
110152;40;22;右EA**99;10;青海 ; 2 ; ; ; ;
110163;60;40;时G8**59;10;河南 ; 13 ; ; ; ;
110184;70;38;时AE**26;13;河南 ; 11 ; ; ; ;
110190;70;32;时AF**78;13;河南 ; 3 ; ; ; ;
110201;70;33;右EC**33;13;新疆 ; 3 ; ; ; ;
110204;80;32;中E6**89;13;宁夏 ; 3 ; ; ; ;
110213;70;31;右EB**68;13;新疆 ; 3 ;青海 ; 2 ; ; 
110214;50;22;周L5**77;10;甘肃 ; 1 ; ; ; ;
110215;50;22;工RD**34;10;河南 ; 2 ; ; ; ;
110221;100;32;时MC**78;13;新疆 ; 1 ; ; ; ;
110246;60;22;时G9**59;10;河南 ; 2 ; ; ; ;
110248;20;10;时A6**05;4;河南 ; 1 ; ; ; ;
110258;70;32;时G7**55;10;河南 ; 5 ; ; ; ;
110277;48;18;中C3**88;10;甘肃 ; 1 ; ; ; ;
110284;70;40;时G9**79;13;河南 ; 4 ; ; ; ;
110289;40;16;右AQ**68;10;陕西 ; 1 ; ; ; ;
110296;60;22;时GA**60;10;河南 ; 1 ; ; ; ;
110299;38000;33;右EC**42;13;甘肃 ; 2 ; ; ; ;
110300;55;20;时AX**63;10;河南 ; 1 ; ; ; ;
110304;22;20;时G7**50;;河南 ; 2 ; ; ; ;
110307;70;33;右EC**56;13;新疆 ; 5 ;甘肃 ; 1 ; ; 
110330;22;22;时HG**56;;河南 ; 1 ; ; ; ;
110342;40;20;时HD**94;10;河南 ; 2 ; ; ; ;
110343;70;33;右EC**55;13;青海 ; 1 ; ; ; ;
110353;58;30;时A2**1G;10;河南 ; 2 ; ; ; ;
110354;60;22;时AW**91;10;河南 ; 1 ; ; ; ;
110356;80;40;周F3**20;13;河南 ; 3 ; ; ; ;
110359;20;15;右A2**K7;4;陕西 ; 1 ; ; ; ;
110360;55;14;时A5**7V;10;河南 ; 1 ; ; ; ;
110362;40;32;时GB**09;13;河南 ; 2 ; ; ; ;
110371;55;18;时R3**85;10;河南 ; 2 ; ; ; ;
110382;40;32;北DA**26;13;陕西 ; 1 ; ; ; ;
110387;70;10;时RF**97;7;河南 ; 1 ; ; ; ;
110388;28;49;工PL**65;13;河南 ; 1 ; ; ; ;
110399;31;31;时AU**97;13;河南 ; 2 ; ; ; ;
110418;60;20;时HF**25;10;河南 ; 1 ; ; ; ;
110419;50;20;时N8**08;10;河南 ; 1 ; ; ; ;
110476;70;33;西T8**37;13;陕西 ; 1 ; ; ; ;
110496;70;32;右KD**93;13;陕西 ; 1 ; ; ; ;
110497;70;32;右KD**32;13;陕西 ; 2 ; ; ; ;
110500;80;32;右AP**18;13;陕西 ; 1 ; ; ; ;
110508;70;33;右KD**91;13;陕西 ; 1 ; ; ; ;
110514;160;32;中AB**96;13;陕西 ; 1 ; ; ; ;
110517;80;33;右KC**42;13;陕西 ; 1 ; ; ; ;
110522;70;33;右DA**78;13;青海 ; 1 ; ; ; ;
110562;30;30;右EA**89;10;甘肃 ; 1 ; ; ; ;
110575;75;33;右DA**26;13;甘肃 ; 1 ; ; ; ;
110595;40;22;上GH**02;10;甘肃 ; 2 ; ; ; ;
110647;70;32;时MA**10;13;新疆 ; 4 ; ; ; ;
110680;18;20;右DX**80;4;陕西 ; 1 ; ; ; ;
110694;55;20;时AW**11;10;河南 ; 1 ; ; ; ;
110698;50;20;民M8**46;10;陕西 ; 1 ; ; ; ;
110720;70;33;时M8**59;13;河南 ; 1 ; ; ; ;
110765;70;33;右V7**91;13;新疆 ; 1 ; ; ; ;
110766;70;33;右V7**89;13;新疆 ; 1 ; ; ; ;
110767;70;33;右V7**90;13;新疆 ; 1 ; ; ; ;
110773;70;33;中E5**80;13;宁夏 ; 1 ; ; ; ;
110775;70;33;时A1**1B;13;河南 ; 1 ; ; ; ;
110776;80;49;时A2**7Q;13;河南 ; 1 ; ; ; ;
110786;62;40;右D9**93;13;青海 ; 3 ; ; ; ;
110797;50;33;右AV**76;10;甘肃 ; 1 ; ; ; ;
110799;70;49;工FW**20;13;河南 ; 1 ; ; ; ;
110800;70;33;时P6**52;13;河南 ; 1 ; ; ; ;
110807;50;33;工AE**91;10;河南 ; 2 ; ; ; ;
110809;20;14670;时A3**3R;10;河南 ; 2 ; ; ; ;
110821;40;32;中CB**05;13;甘肃 ; 1 ; ; ; ;
110865;60;33;右EC**53;13;新疆 ; 4 ; ; ; ;
110868;96;32;工HQ**03;13;甘肃 ; 10 ;青海 ; 1 ; ; 
110879;70;33;右EC**76;13;新疆 ; 3 ; ; ; ;
110885;24;32;右A8**E5;4;陕西 ; 1 ; ; ; ;
110888;20;32;右AX**N6;4;陕西 ; 1 ; ; ; ;
110889;100;30;工H5**01;13;陕西 ; 2 ; ; ; ;
110893;50;30;右F2**58;10;陕西 ; 1 ; ; ; ;
110900;30;30;右D6**90;4;陕西 ; 6 ; ; ; ;
110908;50;30;时B8**36;10;河南 ; 1 ; ; ; ;
110911;50;30;时AN**87;10;河南 ; 4 ; ; ; ;
110935;80;49;中AC**62;13;宁夏 ; 1 ; ; ; ;
110980;55;30;时G9**28;10;河南 ; 6 ; ; ; ;
110985;20;10;民M5**92;4;陕西 ; 1 ; ; ; ;
110986;80;30;右D6**51;13;陕西 ; 1 ; ; ; ;
110988;70;32;右E6**95;13;陕西 ; 1 ; ; ; ;
110993;18;10;民A1**DE;4;山西 ; 1 ; ; ; ;
111028;60;22;右F6**60;10;陕西 ; 1 ; ; ; ;
111043;60;33;秒C5**78;13;河南 ; 1 ; ; ; ;
111047;70;32;右AR**61;13;甘肃 ; 2 ; ; ; ;
111052;70;33;中B9**70;13;宁夏 ; 2 ; ; ; ;
111056;5050;30;民MA**57;4;陕西 ; 1 ; ; ; ;
111062;90;34;时ME**66;13;甘肃 ; 2 ; ; ; ;
111101;22;10;右A2**G9;4;陕西 ; 1 ; ; ; ;
111115;40;32;西JU**99;13;陕西 ; 1 ; ; ; ;
111117;50;30;右KC**02;13;陕西 ; 1 ; ; ; ;
111125;55;49;中B9**75;13;宁夏 ; 4 ; ; ; ;
111127;33;49;右EC**18;13;甘肃 ; 3 ;青海 ; 2 ; ; 
111203;32;32;中D5**96;13;甘肃 ; 4 ; ; ; ;
111204;75;32;工D9**75;13;甘肃 ; 1 ; ; ; ;
111216;70;33;右KE**23;13;陕西 ; 1 ; ; ; ;
111220;70;33;右KC**54;13;陕西 ; 2 ; ; ; ;
111221;100;30;西A0**AG;13;陕西 ; 4 ; ; ; ;
111222;20;30;中CD**08;4;宁夏 ; 1 ;陕西 ; 1 ; ; 
111258;70;33;右DA**35;13;甘肃 ; 1 ; ; ; ;
111262;20;30;右AX**E8;4;甘肃 ; 1 ; ; ; ;
111263;70;35;右D9**08;13;甘肃 ; 7 ; ; ; ;
111275;70;32;右DA**51;13;甘肃 ; 1 ; ; ; ;
112067;70;49;右DA**53;13;新疆 ; 3 ; ; ; ;
112087;50;33;右EC**23;13;陕西 ; 1 ; ; ; ;
112119;80;32;下FT**15;13;甘肃 ; 10 ;青海 ; 1 ; ; 
112121;50;49;右EC**37;13;新疆 ; 2 ; ; ; ;
112123;70;49;右ED**10;13;新疆 ; 2 ; ; ; ;
112124;70;49;右EC**89;13;新疆 ; 2 ; ; ; ;
112152;20;32;中DZ**98;4;甘肃 ; 4 ;陕西 ; 2 ; ; 
112157;70;33;右EC**86;13;青海 ; 1 ; ; ; ;
112160;24;30;右E1**61;4;陕西 ; 1 ; ; ; ;
112164;50;31;时A2**7Z;10;河南 ; 2 ; ; ; ;
112178;50;20;时NC**91;10;河南 ; 2 ; ; ; ;
112182;50;33;右EC**35;13;青海 ; 5 ; ; ; ;
112200;20;40;十L1**15;4;甘肃 ; 5 ;陕西 ; 1 ; ; 
112205;75;46;时M6**15;13;河南 ; 2 ; ; ; ;
112219;40;32;日L5**89;13;甘肃 ; 2 ; ; ; ;
112234;50;30;时G9**39;10;河南 ; 1 ; ; ; ;
112277;24;30;右A0**P8;4;青海 ; 1 ; ; ; ;
112325;25;30;右D7**53;10;陕西 ; 1 ; ; ; ;
112331;60;40;右DA**91;13;甘肃 ; 3 ; ; ; ;
112334;60;30;时AZ**79;10;河南 ; 3 ; ; ; ;
112335;60;30;时AW**75;10;河南 ; 6 ; ; ; ;
112342;110;31;时J4**68;13;河南 ; 2 ; ; ; ;
112358;300;49;右KD**54;13;陕西 ; 1 ; ; ; ;
112363;75;31;右H1**28;13;新疆 ; 1 ; ; ; ;
112375;55;33;右EC**49;13;新疆 ; 1 ; ; ; ;
112466;70;33;右DA**18;13;青海 ; 1 ; ; ; ;
112469;78;31;右KC**63;13;陕西 ; 1 ; ; ; ;
112485;80;33;十D5**58;13;甘肃 ; 2 ; ; ; ;
112488;60;32;右KC**79;13;陕西 ; 1 ; ; ; ;
112491;70;33;中C5**90;13;宁夏 ; 2 ; ; ; ;
112492;100;40;右DA**76;13;新疆 ; 29 ;陕西 ; 4 ; ; 
112493;70;32;十M3**98;13;青海 ; 2 ; ; ; ;
112494;70;32;右KA**67;13;陕西 ; 1 ; ; ; ;
112495;70;33;右KC**51;13;陕西 ; 1 ; ; ; ;
112507;54;33;右ED**58;13;青海 ; 6 ; ; ; ;
112515;40;30;右DA**82;10;甘肃 ; 1 ; ; ; ;
112542;40;35;时GB**79;10;河南 ; 4 ; ; ; ;
112549;70;32;右EC**85;13;宁夏 ; 2 ;陕西 ; 2 ; ; 
112559;60;33;时GD**83;13;河南 ; 1 ; ; ; ;
112566;20;40;右A2**J1;4;陕西 ; 8 ;甘肃 ; 1 ; ; 
112571;70;33;民M2**2X;13;新疆 ; 3 ; ; ; ;
112589;70;32;中D1**13;13;甘肃 ; 2 ; ; ; ;
112607;50;49;右KE**92;13;陕西 ; 1 ; ; ; ;
112628;70;33;时CP**38;13;河南 ; 1 ; ; ; ;
112634;70;32;右KD**86;13;陕西 ; 3 ; ; ; ;
112635;50;30;时C9**99;10;河南 ; 1 ; ; ; ;
112636;55;33;工H2**85;13;宁夏 ; 1 ; ; ; ;
112640;55;30;时HD**39;10;河南 ; 1 ; ; ; ;
112679;70;33;十K2**52;13;甘肃 ; 1 ; ; ; ;
112695;100;49;右ED**23;13;新疆 ; 1 ; ; ; ;
112699;110;31;时RA**62;17;河南 ; 1 ; ; ; ;
112700;80;40;中CC**80;13;宁夏 ; 6 ;甘肃 ; 2 ; ; 
112704;70;33;右EC**13;13;甘肃 ; 3 ; ; ; ;
112705;70;33;民M9**25;13;甘肃 ; 2 ; ; ; ;
112706;33;32;时AV**01;13;甘肃 ; 2 ; ; ; ;
112707;70;33;右ED**07;13;新疆 ; 9 ; ; ; ;
112727;50;32;右KA**38;13;甘肃 ; 3 ; ; ; ;
112728;50;32;时NP**29;13;青海 ; 2 ; ; ; ;
112737;15;30;民MZ**50;4;陕西 ; 1 ; ; ; ;
112748;70;30;右KC**63;13;青海 ; 7 ;甘肃 ; 3 ; ; 
112755;70;49;右KD**54;13;新疆 ; 3 ; ; ; ;
112757;24;30;时R7**QP;4;陕西 ; 1 ; ; ; ;
112759;25;30;时R7**JV;4;陕西 ; 1 ; ; ; ;
112762;70;32;工RL**37;13;新疆 ; 1 ; ; ; ;
112764;70;32;时RA**05;13;河南 ; 1 ; ; ; ;
112765;70;35;时R9**75;13;河南 ; 4 ; ; ; ;
112781;70;33;时EH**59;13;河南 ; 1 ; ; ; ;
112782;40;15;西AA**60;10;河南 ; 1 ; ; ; ;
112799;60;33;右ED**21;13;青海 ; 2 ; ; ; ;
112803;70;33;右EC**66;13;陕西 ; 2 ;甘肃 ; 1 ; ; 
112804;70;32;右KD**49;13;新疆 ; 3 ; ; ; ;
112807;70;40;右E9**78;13;陕西 ; 2 ; ; ; ;
112851;70;40;右EC**09;13;新疆 ; 2 ; ; ; ;
112863;145;40;十C1**88;17;甘肃 ; 1 ; ; ; ;
112869;79;40;上P7**92;13;陕西 ; 2 ; ; ; ;
112917;49;40;中AC**23;13;甘肃 ; 1 ; ; ; ;
113109;20;40;民M6**51;4;陕西 ; 1 ; ; ; ;
113126;70;40;西CD**17;13;宁夏 ; 1 ; ; ; ;
113131;60;40;成HC**17;10;陕西 ; 1 ; ; ; ;
113134;50;40;十G1**20;10;宁夏 ; 1 ; ; ; ;
113139;70;40;秒C8**73;13;宁夏 ; 1 ; ; ; ;
113148;80;40;时E2**23;13;河南 ; 1 ; ; ; ;
113150;65;40;右C4**95;13;青海 ; 1 ; ; ; ;
113165;50;40;右DA**58;13;陕西 ; 5 ; ; ; ;
113168;70;40;中E6**51;13;甘肃 ; 6 ;宁夏 ; 1 ; ; 
113193;40;40;时ND**93;7;河南 ; 1 ; ; ; ;
113195;60;60;右KB**35;13;陕西 ; 27 ; ; ; ;
113197;32;49;右KA**56;13;甘肃 ; 1 ; ; ; ;
113204;20;40;右E0**76;4;陕西 ; 1 ; ; ; ;
113216;22;40;时J6**38;4;河南 ; 2 ; ; ; ;
113217;70;40;时HB**19;13;河南 ; 1 ; ; ; ;
113221;70;40;时EV**96;13;河南 ; 1 ; ; ; ;
113225;50;40;时CF**77;10;河南 ; 1 ; ; ; ;
113227;50;40;右DA**21;13;青海 ; 1 ; ; ; ;
113232;70;40;时AW**32;13;河南 ; 2 ; ; ; ;
113233;50;40;时C6**60;10;河南 ; 1 ; ; ; ;
113234;50;40;右F5**02;13;陕西 ; 1 ; ; ; ;
113235;98;33;时K6**48;13;河南 ; 1 ; ; ; ;
113236;55;40;中E6**90;13;西藏 ; 1 ; ; ; ;
113237;78;32;工PM**28;13;青海 ; 2 ; ; ; ;
113244;50;40;西JW**62;13;陕西 ; 3 ; ; ; ;
113245;35;33;时AV**51;13;河南 ; 5 ; ; ; ;
113255;70;32;时K2**97;13;河南 ; 6 ; ; ; ;
113256;70;32;中D9**51;13;甘肃 ; 2 ; ; ; ;
113275;35;33;时NE**12;13;河南 ; 6 ; ; ; ;
113280;70;18;时AY**90;10;河南 ; 2 ; ; ; ;
113284;70;32;中E6**11;13;新疆 ; 3 ; ; ; ;
113286;80;40;时EH**98;13;河南 ; 3 ; ; ; ;
113303;60;22;十M3**77;10;甘肃 ; 1 ; ; ; ;
113319;32;33;北AP**21;13;陕西 ; 3 ; ; ; ;
113327;50;17;十L2**03;10;甘肃 ; 1 ; ; ; ;
113332;70;32;十M2**75;13;甘肃 ; 2 ; ; ; ;
113341;40;30;右AH**94;7;甘肃 ; 1 ; ; ; ;
113352;50;30;右C5**18;7;甘肃 ; 1 ; ; ; ;
113360;15;30;民MA**20;3;陕西 ; 1 ; ; ; ;
113362;60;32;上NV**83;13;陕西 ; 2 ; ; ; ;
113364;80;33;时R5**12;13;河南 ; 1 ; ; ; ;
113378;78;32;周KH**52;13;河南 ; 4 ; ; ; ;
113388;80;32;中E6**61;13;新疆 ; 5 ; ; ; ;
113397;70;32;十L3**83;13;甘肃 ; 2 ; ; ; ;
113417;23;45;右A2**D0;4;陕西 ; 1 ; ; ; ;
113422;55;20;时RD**68;10;河南 ; 2 ; ; ; ;
113428;70;33;右EC**03;13;新疆 ; 2 ; ; ; ;
113438;70;32;右KE**95;13;新疆 ; 2 ; ; ; ;
113494;65;32;中A3**96;13;甘肃 ; 3 ; ; ; ;
113499;70;32;中E6**98;13;新疆 ; 4 ;甘肃 ; 3 ; ; 
113555;18;10;下FJ**15;7;陕西 ; 1 ; ; ; ;
113557;55;20;中E5**68;10;宁夏 ; 1 ; ; ; ;
113574;70;32;右F5**33;13;陕西 ; 1 ; ; ; ;
113577;23;12;时B6**70;4;河南 ; 1 ; ; ; ;
113583;40;11;时RB**99;7;河南 ; 1 ; ; ; ;
113612;21;18;时R6**DN;4;河南 ; 1 ; ; ; ;
113653;22;10;时A7**BB;4;河南 ; 1 ; ; ; ;
113654;70;33;时A9**2B;13;河南 ; 5 ; ; ; ;
113659;50;34;右KE**94;13;陕西 ; 1 ; ; ; ;
113660;38;30;右AM**67;6;陕西 ; 4 ; ; ; ;
113661;35;13;右AF**92;7;陕西 ; 2 ; ; ; ;
113663;50;25;中C5**80;10;宁夏 ; 3 ; ; ; ;
113664;50;19;人F3**12;10;新疆 ; 1 ; ; ; ;
113677;30;10;右AV**86;5;陕西 ; 1 ; ; ; ;
113692;20;30;右A6**P7;4;陕西 ; 3 ; ; ; ;
113694;18;10;右E9**93;4;陕西 ; 1 ; ; ; ;
113867;50;30;和EG**12;10;河南 ; 1 ; ; ; ;
113872;70;33;右EC**59;13;西藏 ; 1 ; ; ; ;
113873;70;32;右EB**78;13;西藏 ; 1 ; ; ; ;
113875;20;30;右AO**Y1;4;陕西 ; 1 ;甘肃 ; 1 ; ; 
113902;20;30;右A8**Z3;4;陕西 ; 1 ; ; ; ;
113923;70;32;中AD**60;13;西藏 ; 2 ; ; ; ;
113925;70;32;中D5**03;13;西藏 ; 1 ; ; ; ;
113927;80;32;十M3**05;13;甘肃 ; 2 ; ; ; ;
113930;79;33;右EC**15;13;新疆 ; 4 ; ; ; ;
113933;55;15700;右C6**80;10;陕西 ; 1 ; ; ; ;
113937;90;33;中CE**33;13;甘肃 ; 1 ;宁夏 ; 1 ; ; 
113939;55;40;右EC**71;13;新疆 ; 3 ; ; ; ;
113942;78;32;下F2**53;13;甘肃 ; 1 ; ; ; ;
113955;70;32;中CE**21;13;甘肃 ; 4 ; ; ; ;
113964;35;30;时LA**85;7;河南 ; 1 ; ; ; ;
113968;70;34;右KC**46;13;陕西 ; 1 ; ; ; ;
113976;70;32;右EC**89;13;新疆 ; 1 ; ; ; ;
113977;70;32;右EC**62;13;新疆 ; 2 ; ; ; ;
113979;15;30;时H1**10;4;河南 ; 2 ; ; ; ;
114062;65;49;右ED**86;13;青海 ; 4 ; ; ; ;
114072;70;32;右KD**55;13;陕西 ; 2 ; ; ; ;
114075;70;32;西ES**82;13;陕西 ; 1 ; ; ; ;
114076;80;35;右EA**28;13;新疆 ; 3 ; ; ; ;
114083;25;30;时AY**25;4;河南 ; 1 ; ; ; ;
114119;20;30;十L0**35;3;陕西 ; 1 ; ; ; ;
114124;75;32;西JV**95;13;西藏 ; 1 ; ; ; ;
114128;70;32;中E2**32;13;甘肃 ; 2 ; ; ; ;
114131;70;33;右EC**17;13;新疆 ; 2 ; ; ; ;
114133;60;33;右EC**56;13;青海 ; 4 ; ; ; ;
114137;50;30;十D2**86;10;河南 ; 1 ; ; ; ;
114163;24;30;时KJ**99;4;河南 ; 1 ; ; ; ;
114180;30;30;时AJ**70;7;河南 ; 1 ; ; ; ;
114181;30;30;时AV**02;7;河南 ; 1 ; ; ; ;
114183;38;30;时A3**5C;7;河南 ; 1 ; ; ; ;
114185;38;30;时G7**68;7;河南 ; 1 ; ; ; ;
114193;30;30;时A7**0G;7;河南 ; 1 ; ; ; ;
114194;70;32;中AC**98;13;西藏 ; 1 ; ; ; ;
114195;40;30;时K5**66;7;河南 ; 1 ; ; ; ;
114197;20;30;时BE**35;4;河南 ; 1 ; ; ; ;
114200;70;32;右EC**73;13;新疆 ; 1 ; ; ; ;
114201;120;30;右DB**36;17;河南 ; 3 ; ; ; ;
114206;70;32;工H4**57;13;陕西 ; 2 ; ; ; ;
114207;38;30;右E7**60;7;陕西 ; 1 ; ; ; ;
114208;30;30;右EC**50;7;陕西 ; 2 ; ; ; ;
114250;65;33;右EB**08;13;新疆 ; 2 ; ; ; ;
114251;90;31;右EC**00;13;宁夏 ; 1 ; ; ; ;
114252;70;32;右KB**78;13;陕西 ; 1 ; ; ; ;
114255;40;30;右D7**06;10;宁夏 ; 2 ; ; ; ;
114260;22;30;右E9**16;4;陕西 ; 2 ; ; ; ;
114262;90;30;中DD**30;4;甘肃 ; 1 ; ; ; ;
114270;140;35;时R8**39;17;河南 ; 3 ; ; ; ;
114282;70;40;时K2**27;13;河南 ; 33 ;甘肃 ; 2 ;陕西 ; 1 
114285;20;30;民MB**81;4;陕西 ; 1 ; ; ; ;
114288;60;30;右D9**33;10;甘肃 ; 1 ;青海 ; 1 ; ; 
114299;50;30;时K9**35;10;河南 ; 2 ; ; ; ;
114308;50;30;时C9**83;10;河南 ; 1 ; ; ; ;
114333;120;31;时N6**46;17;河南 ; 1 ; ; ; ;
114340;5000;3100;时AY**98;10;河南 ; 5 ;陕西 ; 1 ; ; 
114384;90;33;上P2**52;13;新疆 ; 1 ; ; ; ;
114390;60;30;十L2**43;10;宁夏 ; 4 ; ; ; ;
114441;70;32;右KB**30;13;陕西 ; 5 ; ; ; ;
114445;50;31;右KD**87;13;陕西 ; 1 ; ; ; ;
114492;90;49;中AC**36;13;宁夏 ; 1 ; ; ; ;
114511;80;30;右C6**58;10;陕西 ; 1 ; ; ; ;
114517;70;33;右DA**27;13;陕西 ; 1 ; ; ; ;
114537;32;30;时CG**99;7;河南 ; 2 ; ; ; ;
114548;38;30;时AZ**78;7;河南 ; 2 ; ; ; ;
114552;35;20;时QB**66;7;河南 ; 1 ; ; ; ;
114553;15;10;民LP**02;4;陕西 ; 1 ; ; ; ;
114554;35;15;时AU**98;7;河南 ; 1 ; ; ; ;
114555;35;15;时HL**97;7;河南 ; 1 ; ; ; ;
114556;60;31;右EB**19;10;甘肃 ; 1 ; ; ; ;
114557;16;10;时AV**87;4;河南 ; 1 ; ; ; ;
114560;50;18;十F3**87;10;甘肃 ; 2 ; ; ; ;
114582;70;32;中D7**00;13;甘肃 ; 1 ; ; ; ;
114585;19;30;时RK**27;4;河南 ; 1 ; ; ; ;
114586;22;30;中DB**51;4;河南 ; 1 ; ; ; ;
114595;70;32;周F3**68;13;甘肃 ; 3 ; ; ; ;
114620;38;30;时GB**59;7;河南 ; 1 ; ; ; ;
114625;70;33;右EB**46;13;陕西 ; 2 ; ; ; ;
114635;40;30;时CP**82;7;河南 ; 1 ; ; ; ;
114637;40;30;时NM**91;7;河南 ; 1 ; ; ; ;
114640;70;33;右KD**58;13;陕西 ; 1 ; ; ; ;
114644;70;31;中E3**51;13;甘肃 ; 1 ; ; ; ;
114646;20;30;时HJ**31;7;河南 ; 1 ; ; ; ;
114647;100;34;工Q5**AL;13;陕西 ; 2 ; ; ; ;
114701;90;34;下FL**93;13;宁夏 ; 1 ; ; ; ;
114702;40;105;时AW**01;7;河南 ; 1 ; ; ; ;
114717;35;30;时AY**62;7;河南 ; 1 ; ; ; ;
114718;35;30;工RC**33;7;河南 ; 1 ; ; ; ;
114720;60;30;时HB**17;10;河南 ; 1 ; ; ; ;
114721;50;30;中D5**93;10;甘肃 ; 2 ; ; ; ;
114722;21;30;时K6**26;4;河南 ; 2 ; ; ; ;
114723;22;30;时K8**67;4;河南 ; 2 ; ; ; ;
114724;38;30;时AX**22;7;河南 ; 1 ; ; ; ;
114764;40;30;时CA**79;7;河南 ; 1 ; ; ; ;
114767;40;30;日D9**70;7;河南 ; 1 ; ; ; ;
114769;38;30;时GC**88;7;河南 ; 1 ; ; ; ;
114772;22;25;右C6**39;10;陕西 ; 1 ; ; ; ;
114773;30;25;时J3**62;7;河南 ; 1 ; ; ; ;
114776;52;32;右EC**78;13;宁夏 ; 1 ; ; ; ;
114777;50;49;右KC**55;13;甘肃 ; 1 ; ; ; ;
114778;40;25;时K9**78;7;河南 ; 2 ; ; ; ;
114779;40;25;时B8**66;7;河南 ; 2 ; ; ; ;
114793;70;31;民M6**67;13;河南 ; 1 ; ; ; ;
114800;70;32;立D3**33;13;宁夏 ; 4 ;甘肃 ; 2 ; ; 
114802;60;32;日K9**06;13;甘肃 ; 3 ; ; ; ;
114807;20;25;中EQ**10;4;甘肃 ; 1 ; ; ; ;
114811;60;32;右KC**70;13;青海 ; 2 ;新疆 ; 1 ;四川 ; 1 
114812;32;49;秒C1**87;13;甘肃 ; 2 ; ; ; ;
114815;36;25;中D9**23;7;宁夏 ; 1 ;甘肃 ; 1 ; ; 
114832;40;25;右D8**23;7;甘肃 ; 1 ; ; ; ;
114837;50;25;十M3**07;10;甘肃 ; 1 ; ; ; ;
114838;50;25;月C5**57;10;河南 ; 1 ; ; ; ;
114879;70;30;中E6**25;13;西藏 ; 1 ; ; ; ;
114887;20;35;右A3**A6;4;陕西 ; 7 ; ; ; ;
114891;30;25;右EB**02;7;陕西 ; 1 ; ; ; ;
114892;50;30;十E2**33;10;西藏 ; 2 ;青海 ; 1 ; ; 
114905;50;32;右DA**86;13;新疆 ; 3 ; ; ; ;
114909;60;32;右DA**77;13;新疆 ; 2 ;青海 ; 1 ; ; 
114936;50;25;右E9**38;10;陕西 ; 1 ; ; ; ;
114962;9;10;中CA**51;4;陕西 ; 1 ; ; ; ;
114973;50;36;十A6**11;10;甘肃 ; 2 ;宁夏 ; 1 ; ; 
114979;9;15;右D8**92;7;陕西 ; 1 ; ; ; ;
115013;27;30;右KB**95;13;甘肃 ; 1 ; ; ; ;
115058;50;20;右D9**07;7;陕西 ; 2 ; ; ; ;
115080;14;20;右AG**51;10;陕西 ; 1 ; ; ; ;
115085;13;20;右BK**66;4;陕西 ; 1 ; ; ; ;
115134;21;20;时C7**71;10;河南 ; 1 ; ; ; ;
115135;32;20;民M5**90;13;河南 ; 1 ; ; ; ;
115137;60;30;中E5**21;13;宁夏 ; 1 ; ; ; ;
115140;30;20;右A9**89;7;甘肃 ; 1 ; ; ; ;
115141;80;40;中E5**85;10;宁夏 ; 1 ; ; ; ;
115144;80;40;右EA**65;10;甘肃 ; 1 ; ; ; ;
115173;18;20;工NY**95;10;河南 ; 1 ; ; ; ;
115186;19;20;右ED**63;10;陕西 ; 1 ; ; ; ;
115187;55;25;秒C5**22;10;甘肃 ; 1 ; ; ; ;
115207;50;33;中B3**69;13;宁夏 ; 2 ; ; ; ;
115216;19;20;北A9**98;10;甘肃 ; 1 ; ; ; ;
115220;32;20;右KB**33;13;宁夏 ; 1 ; ; ; ;
115221;55;32;右AT**72;10;陕西 ; 6 ;甘肃 ; 3 ; ; 
115236;14;20;时A5**0R;10;河南 ; 1 ; ; ; ;
115238;70;32;十D5**33;13;青海 ; 1 ; ; ; ;
115242;13;20;时AM**58;10;河南 ; 2 ; ; ; ;
115243;30;20;右F2**18;13;陕西 ; 1 ; ; ; ;
115246;55;35;工J8**62;10;河南 ; 3 ; ; ; ;
115275;32;20;北CA**26;17;河南 ; 1 ; ; ; ;
115289;25;31;右EB**93;10;陕西 ; 1 ; ; ; ;
115298;60;30;十D3**02;13;甘肃 ; 3 ; ; ; ;
115336;60;27;和EQ**05;10;陕西 ; 2 ; ; ; ;
115341;32;35;右D9**71;13;新疆 ; 8 ; ; ; ;
115363;32;20;右C2**58;13;陕西 ; 1 ; ; ; ;
115385;24;20;右KE**05;13;陕西 ; 1 ; ; ; ;
115388;54;49;十H3**10;3;青海 ; 3 ; ; ; ;
115390;10;20;时H1**51;4;河南 ; 1 ; ; ; ;
115394;20;20;右EA**93;10;甘肃 ; 1 ; ; ; ;
115437;40;40;右A3**N8;4;陕西 ; 81 ;甘肃 ; 1 ; ; 
115438;100;49;右EB**12;13;甘肃 ; 1 ; ; ; ;
115480;27;10;时R4**37;13;河南 ; 1 ; ; ; ;
115485;26;10;右KC**72;13;甘肃 ; 1 ; ; ; ;
115522;11;30;十L2**39;7;甘肃 ; 1 ; ; ; ;
115524;9;30;右AM**66;7;陕西 ; 1 ; ; ; ;
115539;26;30;右KC**96;13;陕西 ; 1 ; ; ; ;
115540;24;30;中AC**90;13;西藏 ; 1 ; ; ; ;
115555;50;30;右C5**16;10;甘肃 ; 1 ;陕西 ; 1 ; ; 
115556;100;50;右KE**21;13;陕西 ; 1 ; ; ; ;
115562;34;30;民M6**96;13;河南 ; 1 ; ; ; ;
115574;10;30;右A5**A6;4;陕西 ; 1 ; ; ; ;
115596;27;30;中E6**68;13;西藏 ; 1 ; ; ; ;
115636;33;32;时EV**36;13;河南 ; 12 ; ; ; ;
115644;21;30;时D7**07;10;青海 ; 1 ; ; ; ;
115647;120;60;北A5**58;13;陕西 ; 2 ; ; ; ;
115730;32;30;右EC**56;13;新疆 ; 1 ; ; ; ;
115733;32;30;时GC**75;13;河南 ; 3 ; ; ; ;
115735;20;30;时A3**KF;4;河南 ; 3 ; ; ; ;
115737;28;30;时AH**O7;13;河南 ; 1 ; ; ; ;
115750;32;30;中CA**79;13;宁夏 ; 2 ; ; ; ;
115752;32;30;时HK**13;13;河南 ; 1 ; ; ; ;
115759;22;30;右EC**52;10;陕西 ; 2 ; ; ; ;
115760;20;30;时J9**45;10;甘肃 ; 1 ; ; ; ;
115813;60;30;西R8**72;13;陕西 ; 1 ; ; ; ;
115835;45;31;西FH**13;10;新疆 ; 1 ; ; ; ;
115855;21;30;时GC**K6;4;河南 ; 1 ; ; ; ;
115862;60;32;中E6**50;13;甘肃 ; 1 ;宁夏 ; 1 ; ; 
115872;70;60;时A3**9W;13;河南 ; 2 ; ; ; ;
115876;45;33;右ED**68;13;新疆 ; 1 ; ; ; ;
115909;28;40;时EC**78;13;河南 ; 1 ; ; ; ;
115911;22;25;右D6**37;10;陕西 ; 1 ; ; ; ;
115922;9;40;工R2**8A;4;河南 ; 1 ; ; ; ;
115924;12;40;北A6**95;10;甘肃 ; 1 ;宁夏 ; 1 ; ; 
115950;30;40;中E6**20;13;西藏 ; 2 ; ; ; ;
115952;75;40;右KB**51;13;陕西 ; 2 ; ; ; ;
116017;70;40;右KC**12;13;甘肃 ; 1 ;青海 ; 1 ; ; 
116022;10;40;中CA**75;7;宁夏 ; 2 ; ; ; ;
116047;12;40;右EC**65;10;陕西 ; 1 ; ; ; ;
116054;28;40;中D2**56;13;甘肃 ; 1 ; ; ; ;
116055;10;40;十M5**96;4;陕西 ; 1 ; ; ; ;
116057;30;40;右E8**50;7;陕西 ; 1 ; ; ; ;
116072;32;49;时J1**77;13;河南 ; 4 ; ; ; ;
116100;4;40;民M2**19;4;陕西 ; 1 ; ; ; ;
116104;23;40;右KC**68;13;陕西 ; 1 ; ; ; ;
116105;16;40;右D8**71;10;甘肃 ; 1 ; ; ; ;
116116;80;40;右EC**40;13;青海 ; 1 ; ; ; ;
116124;70;32;中CD**01;13;甘肃 ; 3 ; ; ; ;
116139;60;40;右F5**59;13;甘肃 ; 1 ; ; ; ;
116142;27;40;中C5**09;13;甘肃 ; 1 ; ; ; ;
116187;31;35;北C3**48;13;陕西 ; 1 ; ; ; ;
116221;8;35;工AM**1L;5;甘肃 ; 1 ; ; ; ;
116223;31;35;右KA**13;3;陕西 ; 1 ; ; ; ;
116226;33;35;右KA**92;13;陕西 ; 1 ; ; ; ;
116250;25;35;中CE**98;13;甘肃 ; 1 ; ; ; ;
116251;25;35;十M3**81;13;甘肃 ; 1 ; ; ; ;
116253;31;35;中C5**80;13;宁夏 ; 1 ; ; ; ;
116254;17;35;时DR**65;10;河南 ; 1 ; ; ; ;
116258;20;35;右AX**V1;4;陕西 ; 1 ; ; ; ;
116259;11;35;中DS**63;4;甘肃 ; 2 ; ; ; ;
116260;60;35;十D3**19;10;宁夏 ; 1 ; ; ; ;
116261;60;35;民M6**09;13;河南 ; 2 ; ; ; ;
116310;34;35;时MB**27;13;河南 ; 12 ; ; ; ;
116313;3;35;右A2**W2;4;陕西 ; 1 ; ; ; ;
116319;5;35;右A1**K0;4;陕西 ; 1 ; ; ; ;
116373;70;35;工FW**29;13;河南 ; 2 ; ; ; ;
116375;26;35;十M3**79;13;甘肃 ; 1 ; ; ; ;
116378;25;35;中AB**19;13;甘肃 ; 1 ; ; ; ;
116387;14;35;月NB**79;10;宁夏 ; 1 ; ; ; ;
116388;70;35;日KC**71;13;陕西 ; 1 ; ; ; ;
116391;26;35;月GD**80;13;陕西 ; 1 ; ; ; ;
116395;70;35;日K9**69;13;陕西 ; 1 ; ; ; ;
